0 : { 10,0,0 | 12,6,0 | }
10000 : { 10,0,0 | }
61001 : { 10,0,0 | 30,11,0 | 34,10,0 | 60,41,38 | 60,42,38 | 60,43,39 | }
11000 : { 11,0,0 | }
11050 : { 11,5,0 | }
11100 : { 11,10,0 | }
12012 : { 12,1,0 | 12,4,0 | }
12010 : { 12,1,0 | }
12011 : { 12,1,0 | }
12020 : { 12,2,0 | 12,7,0 | }
12070 : { 12,2,0 | 12,7,0 | }
12030 : { 12,3,0 | }
12050 : { 12,5,0 | }
13000 : { 13,0,0 | }
14000 : { 14,0,0 | }
15000 : { 15,0,0 | }
15001 : { 15,0,0 | }
16000 : { 16,0,0 | }
18000 : { 18,0,0 | }
19000 : { 19,0,0 | }
20000 : { 20,0,0 | }
20010 : { 20,1,0 | }
21000 : { 21,0,0 | }
21001 : { 21,0,0 | }
21010 : { 21,1,0 | 21,2,0 | }
22000 : { 22,0,0 | }
6900 : { 25,0,0 | 40,2,0 | 41,1,0 | 42,2,0 | 61,47,45 | 61,48,45 | 61,49,43 | 61,49,44 | 61,49,47 | 61,50,43 | 61,50,44 | 61,50,45 | 61,51,44 | 61,51,45 | 61,51,47 | }
28000 : { 28,0,0 | }
61002 : { 30,0,0 | 30,1,0 | 31,1,0 | 60,42,33 | 32,0,0 | 60,41,32 | 60,41,33 | 60,43,30 | 60,43,31 | 60,43,34 | 60,44,33 | 60,44,34 | 60,45,33 | }
61000 : { 30,2,0 | 30,4,0 | 60,43,37 | 31,3,0 | 31,15,0 | 31,17,0 | 60,41,35 | 60,42,36 | 60,42,37 | 60,43,35 | 60,43,38 | 60,44,35 | 60,44,36 | 60,44,37 | 60,44,38 | 60,44,39 | 60,45,36 | 60,46,38 | }
62000 : { 30,3,0 | 30,5,0 | 30,6,0 | 31,4,0 | 31,5,0 | 31,6,0 | 60,37,47 | 34,11,0 | 60,33,44 | 60,33,46 | 60,33,47 | 60,34,42 | 60,34,43 | 60,34,44 | 60,34,46 | 60,34,47 | 60,34,48 | 60,34,49 | 60,34,50 | 60,35,43 | 60,35,45 | 60,35,46 | 60,35,47 | 60,35,50 | 60,36,41 | 60,36,43 | 60,36,45 | 60,36,49 | 60,36,50 | 60,37,42 | 60,37,44 | 60,37,46 | 60,37,48 | 60,38,40 | 60,38,41 | 60,38,43 | 60,38,45 | 60,38,46 | 60,38,47 | 60,38,50 | 60,39,40 | 60,39,41 | 60,39,42 | 60,39,44 | }
63001 : { 30,7,0 | 30,9,0 | 31,7,0 | 31,9,0 | 60,35,53 | 60,36,52 | 60,36,54 | 60,37,52 | 60,37,53 | 60,38,54 | 60,39,53 | }
63000 : { 30,8,0 | 30,12,0 | 31,18,0 | 31,19,0 | 60,38,53 | 32,5,0 | 60,37,51 | 60,38,50 | 60,38,51 | 60,39,51 | 60,39,54 | 60,40,52 | 60,40,53 | 60,40,54 | 60,41,52 | 60,41,54 | 60,42,55 | }
63002 : { 30,10,0 | 30,13,0 | 34,12,0 | 60,43,50 | 60,42,51 | 60,43,53 | 60,45,52 | }
64000 : { 30,14,0 | 30,15,0 | 30,16,0 | 31,20,0 | 31,21,0 | 60,46,39 | 32,7,0 | 32,8,0 | 60,46,40 | 60,47,39 | 60,47,40 | 60,48,36 | 60,48,37 | 60,48,39 | 60,48,40 | 60,49,37 | 60,49,39 | 60,50,36 | 60,50,38 | 60,51,36 | 60,52,38 | }
65001 : { 60,50,53 | 60,51,53 | 60,52,53 | 60,52,54 | 60,53,52 | 60,54,53 | }
65002 : { 60,50,55 | 31,12,0 | 60,47,55 | 60,47,58 | 60,48,57 | 60,49,54 | 60,49,55 | }
63003 : { 30,20,0 | 34,14,0 | 60,47,51 | 60,49,53 | }
64001 : { 31,10,0 | 31,11,0 | 34,13,0 | 34,15,0 | 60,48,40 | 60,48,41 | 60,50,40 | 60,51,39 | 60,51,43 | 60,52,41 | 60,52,42 | }
65000 : { 60,53,56 | 60,49,53 | 60,51,56 | 60,51,57 | 60,52,56 | 60,52,57 | 60,54,55 | }
35000 : { 35,0,0 | }
39200 : { 39,20,0 | }
6800 : { 40,0,0 | 41,0,0 | 42,0,0 | 43,0,0 | 43,1,0 | 61,45,41 | 61,45,42 | 61,46,40 | 61,46,42 | 61,46,44 | 61,47,41 | 61,47,43 | 61,47,44 | 61,48,42 | 61,48,43 | }
6950 : { 40,1,0 | 42,3,0 | 61,45,46 | 61,45,47 | 61,48,47 | }
6840 : { 41,2,0 | 61,48,39 | }
6820 : { 61,47,44 | 61,48,44 | }
62002 : { 60,33,40 | 60,34,41 | 60,35,42 | }
62001 : { 60,36,48 | 60,36,49 | 60,37,49 | 60,38,48 | 60,38,50 | }
64002 : { 60,48,38 | 60,49,38 | }
6830 : { 61,46,39 | 61,47,35 | 61,48,37 | 61,48,39 | 61,50,38 | }
6860 : { 61,48,43 | 61,50,42 | 61,51,42 | 61,52,43 | 61,53,41 | }
6851 : { 61,49,39 | 61,52,40 | }
6850 : { 61,53,39 | 61,54,39 | 61,55,39 | }
6940 : { 61,44,45 | 61,44,46 | 61,45,45 | 61,46,47 | 61,47,47 | }
6920 : { 61,49,48 | 61,50,48 | 61,51,48 | }




areaNo,Physical Location,Category / Subcategory
10,Stormveil Castle,Legacy Dungeon
11,Raya Lucaria Academy,Legacy Dungeon
12,Underground Regions,"Siofra, Ainsel, Deeproot, Mohgwyn"
13,"Leyndell, Royal Capital",Legacy Dungeon
14,Mountaintops (East),Giants' Mountaintop Dungeons
15,Farum Azula,Crumbling City
16,Raya Lucaria (Internal),Crystal Tunnel / Specific Pockets
18,Caria Manor,Small Legacy
20,Volcano Manor,Legacy Dungeon
21,Haligtree / Elphael,Legacy Dungeon
22,Leyndell (Ashen Capital),End-game variant
28,Stone Platform,Boss Arenas / Special
30-34,Dungeon Interiors,"Various Cave/Catacomb internal ""pockets"""
35,Shadow Keep (DLC),Shadow of the Erdtree Legacy
39,Enir-Ilim (DLC),Shadow of the Erdtree End-game
40-43,DLC World Layers,Realm of Shadow (Heights & Depths)
60,The Lands Between,"Limgrave, Liurnia, Altus"
61,The Lands Between,"Caelid, Weeping Peninsula, Mountaintops"